0:[110000028227, 1100000211233]
1:[1100000517227, 1100000013327]
2:[1100000115231, 1100000115216]
3:[11000061032220, 1100004354318]
4:[110000019282, 110000019280, 110000027334]
5:[110000019286, 1100000192729]
6:[1100000315319, 110000041323]
7:[1100000217313, 1100000217117, 1100000216332]
8:[110000033330, 110000033332]
9:[110000027315, 110000025213]
10:[110000033117, 110000033115, 110000033119]
11:[110000003154, 1100000031529]
12:[1100000225111]
13:[110000021221, 110000021225]
14:[1100000013030]
15:[1100000517216, 1100000517231]
16:[1100000323327, 1100000323321]
17:[1100000621519, 1100000621523]
18:[1100000014129, 1100000014123]
19:[11000053022134, 11000053022133]
20:[1100000013115, 1100000013114, 1100000013116]
21:[1100000222219, 1100000222213]
22:[110000018924, 110000018927]
23:[1100000225124, 1100000225125]
24:[11000001313213, 1100000131331, 1100000131328]
25:[1100000323532, 1100000323530]
26:[1100000221235, 1100000221223, 1100000221233]
27:[110000023295, 1100000232926]
28:[1100000210121, 1100000210123, 1100000210135, 1100000210211]
29:[1100000114226, 1100004291184]
30:[110000002417, 110000002419, 110000002411]
31:[1100000219111, 110000021920, 1100000219118]
32:[1100000033135, 1100000033134]
33:[1100000411231, 1100000411223]
34:[1100000230325, 1100000191617]
35:[110000002207, 1100000022015]
36:[1100000132115, 110000013214]
37:[110000025118, 110000025314]
38:[1100000013028, 110000001315, 110000001320]
39:[1100000114215, 1100000114213, 1100000114217]
40:[110000032122, 110000032126, 1100000321125]
41:[110000021923, 110000021927, 1100000219121, 1100000219124, 1100000219122, 1100000219128]
42:[1100000013322, 110000003231]
43:[110000013235]
44:[110000012293, 1100000122818, 1100000122820, 1100000122831]
45:[110000003224, 110000003412, 110000003321]
